-2.223765200377576523e+00
1.693292498606850938e-01
-4.061913420088630211e+00
3.141595998824281422e-01
2.140620460905499067e-01
-1.912248467649987793e+00
-3.123787762276560187e+00
-2.032926454582674403e+00
1.194289874389817596e+00
7.677388281996854191e-01
-3.579689373809203712e+00
3.612939034879362410e+00
9.828312300992595452e-01
4.136455173415235720e+00
-9.329314741740564187e-01
2.784771789305520606e+00
6.052182707824374397e+00
-2.449099645954061710e+00
-2.368505840095998849e+00
1.337126444629180178e+00
7.018172554481038716e+00
-5.604749299766957904e+00
-1.886822262654854754e+00
-2.501082116994949978e+00
-6.188877280944566017e+00
-1.444397419795578674e+00
-5.260333021296787592e+00
2.051223550173581600e+00
-1.594182971103103474e+00
-2.289492382606438170e+00
1.028731789594816259e+00
3.634384006913363496e+00
-2.992393013356934972e+00
3.438893892944142827e+00
-2.506512784997428356e-01
2.262712354889837130e+00
-1.698881562740347739e+00
-4.216088915203492493e-01
-2.559094096144677088e+00
2.852951023031025102e+00
-1.818516443533889415e+00
-5.703408900958439887e+00
4.023998352902891096e-01
-4.132554313157141834e+00
-3.557631725883811047e+00
1.253120271040017331e+00
6.667154812989248391e+00
-7.669607683895227623e-01
1.851357404092869974e+00
-2.523975212402854718e-01
-1.010306869144312891e+00
-1.017641036633806673e+00
1.992682095912463591e-01
-3.905844066785637558e-01
-1.305857475066997564e+00
3.942485079535942849e-01
-8.905795309362860568e-01
-1.024867079727000085e+00
8.331916068875547809e-01
6.351421407475813297e+00
3.944189261387312406e+00
-7.136490826982023528e+00
5.029001944258159718e+00
-7.593669089525127980e-01
2.890140619701764280e-02
-3.189048494272423984e+00
2.996445661304870889e+00
-2.082036678293647025e+00
-3.522767976972344339e+00
6.557046491455641446e-01
3.142322872175975057e+00
2.511009937013877646e+00
-2.987685198830827837e-01
3.727515061908798888e+00
6.601359456267211101e+00
-8.039550078382640130e-01
-6.076323294131996677e-01
1.401858252247355274e+00
-1.432356807204111238e-01
1.064915191002777206e+00
6.418344840565638476e-01
-2.396501279235642379e+00
2.449188547170565444e-01
-8.417158021661539369e-01
5.862795396461708552e-01
-1.326073158689187848e+00
-1.406417991335470186e+00
9.644513058775193715e-01
1.825708359391938540e+00
-3.383327902672295995e+00
1.655147684131843100e+00
5.922818340217462563e+00
-1.452890422577898466e+00
1.714506513299168144e+00
3.313170776625319891e-01
3.663150593685158274e+00
-1.390667007106588304e+00
-1.700238996364566102e+00
-2.783038024383135411e+00
3.872689620514367714e+00
-8.642800054750128247e-01
-6.479708045770187219e+00
3.165637010476012314e+00
-2.692911559735119198e+00
1.457452509912247951e+00
1.222828485968506351e+00
4.668598910904503185e+00
-5.139876107446470499e-01
-1.625476590612613403e-01
1.613838651819322845e+00
6.142773326455197580e-02
-8.857715071033782639e-01
4.179792550389267447e-01
2.279750933822590475e-01
3.109074322915396760e+00
-2.658314548513563746e+00
3.784305016007433853e+00
-6.774402278554898515e+00
-4.310008702854654317e+00
-6.425049089220835619e-01
2.006662720223727270e+00
-2.195163497252424545e+00
3.375199834888668704e+00
-1.750127133074940611e+00
-2.418685581618438718e+00
-1.123335856055392323e+00
2.146901264877714155e+00
1.976689206737357818e+00
-3.261095775640409755e+00
-6.722624831689022251e+00
1.514639595349338785e+00
1.254906302646583205e+00
-2.615297303837681664e+00
-2.153305964475397793e+00
1.629752856282921103e-01
6.252924357646294506e-02
1.301462459785359016e+00
-3.277190875167894202e+00
5.182566741910886066e+00
-1.727277692609029636e+00
-2.876510386947129128e+00
4.658039306058069151e+00
-2.343206045886864874e+00
-4.466177319694094372e+00
2.522348763004668148e-01
4.514655413371815862e-01
1.966905580013053711e+00
-1.201773893689397354e+00
4.901005068813022447e-01
-6.794796097354608433e-01
-4.721852970801732052e-01
-3.884556437638278514e-01
2.807250361288865736e+00
2.982142695181272396e-02
2.331282630833943159e+00
9.763900636109096309e-02
2.555724836742597539e+00
-1.990478220577252655e+00
-2.813582315384852262e+00
1.601052973409742286e-01
-8.768502008817880000e-01
-2.416268439866466000e+00
-2.775466255212419853e-01
-2.526407435593170714e+00
-4.752596598531476424e+00
-2.836981984979469740e-01
-4.642637682121653064e-01
2.290453296364900027e+00
2.627111524677099297e-01
-1.897769784349788491e+00
6.400021556311417115e-01
-1.875599496671960520e-01
4.507833230473045738e+00
1.421286491562525178e+00
-7.929118962422837313e+00
1.486015301228020169e+00
1.569312662816633175e+00
2.044170190629595041e+00
2.465672340531957385e+00
2.518678275949277068e-01
5.650770994955524706e+00
-1.296396751522487900e+00
1.678166003464605094e-01
-4.945615317149889556e+00
1.223513006417532134e+00
-1.652465825390367904e+00
-3.371315252607514523e+00
-1.608640252127334414e+00
-3.222886789254891804e-03
-3.704131451209680126e+00
2.958956264266369374e+00
3.447288566063483106e+00
-1.038966459128833675e+00
4.500595651446612777e+00
-3.557234789763586313e+00
5.488815673737246215e-02
-2.688826909871808279e+00
1.203397109087605887e+00
-1.416470614391289073e+00
-3.223305301289676184e-01
-7.531079654164259951e-01
1.663341114280672217e+00
4.762571011943421695e+00
-1.661787845850940082e+00
1.254814427992264614e+00
9.909880283096883513e-01
-6.119867705153796411e-01
4.417821214848935085e+00
-3.261061000101349361e+00
2.380338960516562352e+00
1.779377084317667723e+00
1.593345670622819121e-01
2.528328948865943726e+00
-5.471105295161174942e-01
3.406662589577777567e+00
-2.854043415805182171e+00
1.415802677118075392e+00
7.244732700069949516e+00
1.987768202619395685e+00
3.605198918239028494e+00
-1.640439779783715579e+00
-4.285218772711995250e+00
-1.096968934246134175e+00
-6.314083018123023416e-01
-3.837437568551311351e+00
-1.160749385658929045e-01
-5.767135108707147628e-01
6.549200841206989088e-01
-3.989748309972915852e-01
-7.404402936824004300e+00
5.899284747618418479e-01
2.889106024271784978e+00
6.395075502800821043e-01
1.854326756028237266e+00
1.585777306483932003e-01
-3.062294369681703987e-01
-6.374999715153009117e-01
3.759894887653349116e+00
-2.334169067085380689e-01
1.269284392068236178e+00
4.639555031889353032e-02
-2.071442985885294963e+00
-1.220867477173382065e+00
1.376469581765959349e+00
-7.640806171419057158e+00
-2.074828949626521979e+00
-1.453712363990976808e+00
-2.959059259906318684e-01
3.732616712267440295e+00
4.075668312258729387e+00
4.232774657401945917e-01
-4.491188539682955394e-01
-9.587431944870556944e-01
-3.151816968528270646e+00
4.835805703253725496e-01
-7.951354747575065662e-01
3.592098071336303988e+00
-1.096318291148052904e+00
-9.079414212600005474e-01
-1.416253880641423546e+00
-9.269535533999267329e+00
-4.508602733281835917e+00
-3.699698218712087483e-01
7.742940509201318378e+00
-6.884295445176498163e-01
